0.000134384	5.36814e-07
0.000184636	9.52701e-07
0.000246302	1.73512e-06
0.000320392	3.23185e-06
0.000408622	6.07322e-06
0.000512317	1.12206e-05
0.000633727	1.98096e-05
0.000774738	3.14703e-05
0.000817456	7.4188e-05
0.000860173	0.000116905
0.00090289	0.000159623
0.00094561	0.000202341
0.000988327	0.000245058
0.00103104	0.000287776
0.00107376	0.000330493
0.00111648	0.00037321
0.0011592	0.00041593
0.00120192	0.000458647
0.00124463	0.000501364
0.00128735	0.000544082
0.00133007	0.000586799
0.00137278	0.000629516
0.0014155	0.000672233
0.00145822	0.000714953
0.00150094	0.00075767
0.00154366	0.000800387
0.00158637	0.000843104
0.00162909	0.000885822
0.00167181	0.000928539
0.00171453	0.000971259
0.00175724	0.00101398
0.00179996	0.00105669
0.00184268	0.00109941
0.0018854	0.00114213
0.00192811	0.00118484
0.00197083	0.00122756
0.00201355	0.00127028
0.00205627	0.001313
0.00209898	0.00135572
0.0021417	0.00139843
0.00218442	0.00144115
0.00222714	0.00148387
0.00226986	0.00152659
0.00231257	0.0015693
0.00235529	0.00161202
0.00239801	0.00165474
0.00244072	0.00169746
0.00248344	0.00174018
0.00252616	0.00178289
0.00256888	0.00182561
0.0026116	0.00186833
0.00265431	0.00191104
0.00269703	0.00195376
0.00273975	0.00199648
0.00278247	0.0020392
0.00282518	0.00208192
0.0028679	0.00212463
0.00291063	0.00216735
0.00295334	0.00221007
0.00299606	0.00225279
0.00303877	0.0022955
0.00308149	0.00233822
0.0031242	0.00238094
0.00316692	0.00242366
0.00320963	0.00246637
0.00325237	0.00250909
0.00329509	0.00255181
0.0033378	0.00259453
0.00338052	0.00263724
0.00342323	0.00267996
0.00346594	0.00272268
0.00350866	0.0027654
0.00355137	0.00280812
0.00359409	0.00285083
0.00363683	0.00289354
0.00367954	0.00293626
0.00372226	0.00297897
0.00376497	0.00302172
0.00380769	0.00306443
0.0038504	0.00310714
0.00389312	0.00314986
0.00393583	0.00319257
0.00397857	0.00323529
0.00402129	0.003278
0.004064	0.00332072
0.00410672	0.00336343
0.00414943	0.00340617
0.00419214	0.00344889
0.00423486	0.0034916
0.00427757	0.00353432
0.00432029	0.00357703
0.00436303	0.00361974
0.00440574	0.00366246
0.00444846	0.00370517
0.00449117	0.00374792
0.00453389	0.00379063
0.0045766	0.00383334
0.00461932	0.00387606
0.00466203	0.00391877
0.00470477	0.00396149
0.00474749	0.0040042
0.0047902	0.00404692
0.00483292	0.00408963
0.00487563	0.00413237
0.00491834	0.00417509
0.00496106	0.0042178
0.00500377	0.00426052
0.00504649	0.00430323
0.00508923	0.00434594
0.00513194	0.00438866
0.00517466	0.00443137
0.00521737	0.00447412
0.00526009	0.00451683
0.0053028	0.00455954
0.00534552	0.00460226
0.00538823	0.00464497
0.00543094	0.00468769
0.00547369	0.0047304
0.0055164	0.00477312
0.00555912	0.00481583
0.00560183	0.00485857
0.00564454	0.00490129
0.00568726	0.004944
0.00572997	0.00498672
0.00577269	0.00502943
0.00581543	0.00507214
0.00585814	0.00511486
0.00590086	0.00515757
0.00594357	0.00520029
0.00598629	0.00524303
0.006029	0.00528574
0.00607172	0.00532846
0.00611443	0.00537117
0.00615714	0.00541389
0.00619989	0.0054566
0.0062426	0.00549932
0.00628532	0.00554203
0.00632803	0.00558477
0.00637074	0.00562749
0.00641346	0.0056702
0.00645617	0.00571292
0.00649889	0.00575563
0.0065416	0.00579834
0.00658434	0.00584106
0.00662706	0.00588377
0.00666977	0.00592649
0.00671249	0.00596923
0.0067552	0.00601195
0.00679792	0.00605466
0.00684063	0.00609737
0.00688334	0.00614009
0.00692609	0.0061828
0.0069688	0.00622552
0.00701152	0.00626823
0.00705423	0.00631097
0.00709694	0.00635369
0.00713966	0.0063964
0.00718237	0.00643912
0.00722509	0.00648183
0.0072678	0.00652455
0.00731055	0.00656726
0.00735326	0.00660997
0.00739597	0.00665269
0.00743869	0.00669543
0.0074814	0.00673815
0.00752412	0.00678086
0.00756683	0.00682357
0.00760954	0.00686629
0.00765229	0.006909
0.007695	0.00695172
0.00773772	0.00699443
0.00778043	0.00703714
0.00782315	0.00707989
0.00786586	0.0071226
0.00790857	0.00716532
0.00795129	0.00720803
0.007994	0.00725075
0.00803675	0.00729346
0.00807946	0.00733617
0.00812217	0.00737889
0.00816489	0.00742163
0.0082076	0.00746435
0.00825032	0.00750706
0.00829303	0.00754977
0.00833574	0.00759249
0.00837846	0.0076352
0.0084212	0.00767792
0.00846392	0.00772063
0.00850663	0.00776335
0.00854935	0.00780609
0.00859206	0.0078488
0.00863477	0.00789152
0.00867749	0.00793423
0.0087202	0.00797695
0.00876295	0.00801966
0.00880566	0.00806237
0.00884837	0.00810509
0.00889109	0.00814783
0.0089338	0.00819055
0.00897652	0.00823326
0.00901923	0.00827597
0.00906195	0.00831869
0.00910466	0.0083614
0.0091474	0.00840412
0.00919012	0.00844683
0.00923283	0.00848955
0.00927555	0.00853229
0.00931826	0.008575
0.00936097	0.00861772
0.00940369	0.00866043
0.0094464	0.00870315
0.00948915	0.00874586
0.00953186	0.00878857
0.00957457	0.00883129
0.00961729	0.008874
0.00966	0.00891675
0.00970272	0.00895946
0.00974543	0.00900217
0.00978815	0.00904489
0.00983086	0.0090876
0.0098736	0.00913032
0.00991632	0.00917303
0.00995903	0.00921575
0.0100017	0.00925849
0.0100445	0.0093012
0.0100872	0.00934392
0.0101299	0.00938663
0.0101726	0.00942935
0.0102153	0.00947206
0.0102581	0.00951477
0.0103008	0.00955749
0.0103435	0.0096002
0.0103862	0.00964295
0.0104289	0.00968566
0.0104716	0.00972837
0.0105143	0.00977109
0.0105571	0.0098138
0.0105998	0.00985652
0.0106425	0.00989923
0.0106852	0.00994195
0.0107279	0.00998469
0.0107707	0.0100274
0.0108134	0.0100701
0.0108561	0.0101128
0.0108988	0.0101555
0.0109415	0.0101983
0.0109843	0.010241
0.011027	0.0102837
0.0110697	0.0103264
0.0111124	0.0103691
0.0111551	0.0104119
0.0111978	0.0104546
0.0112405	0.0104973
0.0112833	0.01054
0.011326	0.0105827
0.0113687	0.0106254
0.0114114	0.0106681
0.0114541	0.0107109
0.0114969	0.0107536
0.0115396	0.0107963
0.0115823	0.010839
0.011625	0.0108817
0.0116677	0.0109245
0.0117105	0.0109672
0.0117532	0.0110099
0.0117959	0.0110526
0.0118386	0.0110953
0.0118813	0.0111381
0.011924	0.0111808
0.0119667	0.0112235
0.0120095	0.0112662
0.0120522	0.0113089
0.0120949	0.0113516
0.0121376	0.0113943
0.0121803	0.0114371
0.0122231	0.0114798
0.0122658	0.0115225
0.0123085	0.0115652
0.0123512	0.0116079
0.0123939	0.0116507
0.0124367	0.0116934
0.0124794	0.0117361
0.0125221	0.0117788
0.0125648	0.0118215
0.0126075	0.0118643
0.0126502	0.011907
0.0126929	0.0119497
0.0127357	0.0119924
0.0127784	0.0120351
0.0128211	0.0120778
0.0128638	0.0121205
0.0129065	0.0121633
0.0129493	0.012206
0.012992	0.0122487
0.0130347	0.0122914
0.0130774	0.0123341
0.0131201	0.0123769
0.0131629	0.0124196
0.0132056	0.0124623
0.0132483	0.012505
0.013291	0.0125477
0.0133337	0.0125905
0.0133764	0.0126332
0.0134191	0.0126759
0.0134619	0.0127186
0.0135046	0.0127613
0.0135473	0.012804
0.01359	0.0128467
0.0136327	0.0128895
0.0136755	0.0129322
0.0137182	0.0129749
0.0137609	0.0130176
0.0138036	0.0130603
0.0138463	0.0131031
0.0138891	0.0131458
0.0139318	0.0131885
0.0139745	0.0132312
0.0140172	0.0132739
0.0140599	0.0133167
0.0141026	0.0133594
0.0141453	0.0134021
0.0141881	0.0134448
0.0142308	0.0134875
0.0142735	0.0135202
0.0143162	0.0135202
0.0143589	0.0135202
0.0144017	0.0135202
0.0144444	0.0135202
0.0144871	0.0135202
0.0145298	0.0135202
0.0145725	0.0135202
0.0146152	0.0135202
0.014658	0.0135202
0.0147007	0.0135202
0.0147434	0.0135202
0.0147861	0.0135202
0.0148288	0.0135202
0.0148715	0.0135202
0.0149143	0.0135202
0.014957	0.0135202
0.0149997	0.0135202
0.0150424	0.0135202
0.0150851	0.0135202
0.0151279	0.0135202
0.0151706	0.0135202
0.0152133	0.0135202
0.015256	0.0135202
0.0152987	0.0135202
0.0153414	0.0135202
0.0153842	0.0135202
0.0154269	0.0135202
0.0154696	0.0135202
0.0155123	0.0135202
0.015555	0.0135202
0.0155977	0.0135202
0.0156405	0.0135202
0.0156832	0.0135202
0.0157259	0.0135202
0.0157686	0.0135202
0.0158113	0.0135202
0.0158541	0.0135202
0.0158968	0.0135202
0.0159395	0.0135202
0.0159822	0.0135202
0.0160249	0.0135202
0.0160676	0.0135202
0.0161104	0.0135202
0.0161531	0.0135202
0.0161958	0.0135202
0.0162385	0.0135202
0.0162812	0.0135202
0.0163239	0.0135202
0.0163667	0.0135202
0.0164094	0.0135202
0.0164521	0.0135202
0.0164948	0.0135202
0.0165375	0.0135202
0.0165803	0.0135202
0.016623	0.0135202
0.0166657	0.0135202
0.0167084	0.0135202
0.0167511	0.0135202
0.0167938	0.0135202
0.0168366	0.0135202
0.0168793	0.0135202
0.016922	0.0135202
0.0169647	0.0135202
0.0170074	0.0135202
0.0170501	0.0135202
0.0170929	0.0135202
0.0171356	0.0135202
0.0171783	0.0135202
0.017221	0.0135202
0.0172637	0.0135202
0.0173065	0.0135202
0.0173492	0.0135202
0.0173919	0.0135202
0.0174346	0.0135202
0.0174773	0.0135202
0.01752	0.0135202
0.0175627	0.0135202
0.0176055	0.0135202
0.0176482	0.0135202
0.0176909	0.0135202
0.0177336	0.0135202
0.0177763	0.0135202
0.0178191	0.0135202
0.0178618	0.0135202
0.0179045	0.0135202
0.0179472	0.0135202
0.0179899	0.0135202
0.0180327	0.0135202
0.0180754	0.0135202
0.0181181	0.0135202
0.0181608	0.0135202
0.0182035	0.0135202
0.0182462	0.0135202
0.018289	0.0135202
0.0183317	0.0135202
0.0183744	0.0135202
0.0184171	0.0135202
0.0184598	0.0135202
0.0185025	0.0135202
0.0185453	0.0135202
0.018588	0.0135202
0.0186307	0.0135202
0.0186734	0.0135202
0.0187161	0.0135202
0.0187589	0.0135202
0.0188016	0.0135202
0.0188443	0.0135202
0.018887	0.0135202
0.0189297	0.0135202
0.0189724	0.0135202
0.0190151	0.0135202
0.0190579	0.0135202
0.0191006	0.0135202
0.0191433	0.0135202
0.019186	0.0135202
0.0192287	0.0135202
0.0192715	0.0135202
0.0193142	0.0135202
0.0193569	0.0135202
0.0193996	0.0135202
0.0194423	0.0135202
0.0194851	0.0135202
0.0195278	0.0135202
0.0195705	0.0135202
0.0196132	0.0135202
0.0196559	0.0135202
0.0196986	0.0135202
0.0197413	0.0135202
0.0197841	0.0135202
0.0198268	0.0135202
0.0198695	0.0135202
0.0199122	0.0135202
0.0199549	0.0135202
0.0199977	0.0135202
0.0200404	0.0135202
0.0200831	0.0135202
0.0201258	0.0135202
0.0201685	0.0135202
0.0202113	0.0135202
0.020254	0.0135202
0.0202967	0.0135202
0.0203394	0.0135202
0.0203821	0.0135202
0.0204248	0.0135202
0.0204675	0.0135202
0.0205103	0.0135202
0.020553	0.0135202
0.0205957	0.0135202
0.0206384	0.0135202
0.0206811	0.0135202
0.0207239	0.0135202
0.0207666	0.0135202
0.0208093	0.0135202
0.020852	0.0135202
0.0208947	0.0135202
0.0209375	0.0135202
0.0209802	0.0135202
0.0210229	0.0135202
0.0210656	0.0135202
0.0211083	0.0135202
0.021151	0.0135202
0.0211937	0.0135202
0.0212365	0.0135202
0.0212792	0.0135202
0.0213219	0.0135202
0.0213646	0.0135202
0.0214073	0.0135202
0.0214501	0.0135202
0.0214928	0.0135202
0.0215355	0.0135202
0.0215782	0.0135202
0.0216209	0.0135202
0.0216637	0.0135202
0.0217064	0.0135202
0.0217491	0.0135202
0.0217918	0.0135202
0.0218345	0.0135202
0.0218772	0.0135202
0.0219199	0.0135202
0.0219627	0.0135202
0.0220054	0.0135202
0.0220481	0.0135202
0.0220908	0.0135202
0.0221335	0.0135202
0.0221763	0.0135202
0.022219	0.0135202
0.0222617	0.0135202
0.0223044	0.0135202
0.0223471	0.0135202
0.0223899	0.0135202
0.0224326	0.0135202
0.0224753	0.0135202
0.022518	0.0135202
0.0225607	0.0135202
0.0226034	0.0135202
0.0226461	0.0135202
0.0226889	0.0135202
0.0227316	0.0135202
0.0227743	0.0135202
0.022817	0.0135202
0.0228597	0.0135202
0.0229025	0.0135202
0.0229452	0.0135202
0.0229879	0.0135202
0.0230306	0.0135202
0.0230733	0.0135202
0.0231161	0.0135202
0.0231588	0.0135202
0.0232015	0.0135202
0.0232442	0.0135202
0.0232869	0.0135202
0.0233296	0.0135202
0.0233723	0.0135202
0.0234151	0.0135202
0.0234578	0.0135202
0.0235005	0.0135202
0.0235432	0.0135202
0.0235859	0.0135202
0.0236287	0.0135202
0.0236714	0.0135202
0.0237141	0.0135202
0.0237568	0.0135202
0.0237995	0.0135202
0.0238423	0.0135202
0.023885	0.0135202
0.0239277	0.0135202
0.0239704	0.0135202
0.0240131	0.0135202
0.0240558	0.0135202
0.0240985	0.0135202
0.0241413	0.0135202
0.024184	0.0135202
0.0242267	0.0135202
0.0242694	0.0135202
0.0243121	0.0135202
0.0243549	0.0135202
0.0243976	0.0135202
0.0244403	0.0135202
0.024483	0.0135202
0.0245257	0.0135202
0.0245685	0.0135202
0.0246112	0.0135202
0.0246539	0.0135202
0.0246966	0.0135202
0.0247393	0.0135202
0.024782	0.0135202
0.0248247	0.0135202
0.0248675	0.0135202
0.0249102	0.0135202
0.0249529	0.0135202
0.0249956	0.0135202
0.0250383	0.0135202
0.0250811	0.0135202
0.0251238	0.0135202
0.0251665	0.0135202
0.0252092	0.0135202
0.0252519	0.0135202
0.0252947	0.0135202
0.0253374	0.0135202
0.0253801	0.0135202
0.0254228	0.0135202
0.0254655	0.0135202
0.0255082	0.0135202
0.0255509	0.0135202
0.0255937	0.0135202
0.0256364	0.0135202
0.0256791	0.0135202
0.0257218	0.0135202
0.0257645	0.0135202
0.0258073	0.0135202
0.02585	0.0135202
0.0258927	0.0135202
0.0259354	0.0135202
0.0259781	0.0135202
0.0260209	0.0135202
0.0260636	0.0135202
0.0261063	0.0135202
0.026149	0.0135202
0.0261917	0.0135202
0.0262344	0.0135202
0.0262771	0.0135202
0.0263199	0.0135202
0.0263626	0.0135202
0.0264053	0.0135202
0.026448	0.0135202
0.0264907	0.0135202
0.0265335	0.0135202
0.0265762	0.0135202
0.0266189	0.0135202
0.0266616	0.0135202
0.0267043	0.0135202
0.026747	0.0135202
0.0267898	0.0135202
0.0268325	0.0135202
0.0268752	0.0135202
0.0269179	0.0135202
0.0269606	0.0135202
0.0270033	0.0135202
0.0270461	0.0135202
0.0270888	0.0135202
0.0271315	0.0135202
0.0271742	0.0135202
0.0272169	0.0135202
0.0272597	0.0135202
0.0273024	0.0135202
0.0273451	0.0135202
0.0273878	0.0135202
0.0274305	0.0135202
0.0274733	0.0135202
0.027516	0.0135202
0.0275587	0.0135202
0.0276014	0.0135202
0.0276441	0.0135202
0.0276868	0.0135202
0.0277295	0.0135202
0.0277723	0.0135202
0.027815	0.0135202
0.0278577	0.0135202
0.0279004	0.0135202
0.0279431	0.0135202
0.0279859	0.0135202
0.0280286	0.0135202
0.0280713	0.0135202
0.028114	0.0135202
0.0281567	0.0135202
0.0281994	0.0135202
0.0282422	0.0135202
0.0282849	0.0135202
0.0283276	0.0135202
0.0283703	0.0135202
0.028413	0.0135202
0.0284557	0.0135202
0.0284985	0.0135202
0.0285412	0.0135202
0.0285839	0.0135202
0.0286266	0.0135202
0.0286693	0.0135202
0.0287121	0.0135202
0.0287548	0.0135202
0.0287975	0.0135202
0.0288402	0.0135202
0.0288829	0.0135202
0.0289256	0.0135202
0.0289683	0.0135202
0.0290111	0.0135202
0.0290538	0.0135202
0.0290965	0.0135202
0.0291392	0.0135202
0.0291819	0.0135202
0.0292246	0.0135202
0.0292673	0.0135202
0.0293101	0.0135202
0.0293528	0.0135202
0.0293955	0.0135202
0.0294382	0.0135202
0.0294809	0.0135202
0.0295236	0.0135202
0.0295663	0.0135202
0.0296091	0.0135202
0.0296518	0.0135202
0.0296945	0.0135202
0.0297372	0.0135202
0.0297799	0.0135202
0.0298226	0.0135202
0.0298653	0.0135202
0.0299081	0.0135202
0.0299508	0.0135202
0.0299935	0.0135202
0.0300362	0.0135202
0.0300789	0.0135202
0.0301216	0.0135202
0.0301643	0.0135202
0.0302071	0.0135202
0.0302498	0.0135202
0.0302925	0.0135202
0.0303352	0.0135202
0.0303779	0.0135202
0.0304206	0.0135202
0.0304633	0.0135202
0.0305061	0.0135202
0.0305488	0.0135202
0.0305915	0.0135202
0.0306345	0.0135202
0.0306772	0.0135202
0.0307199	0.0135202
0.0307626	0.0135202
0.0308053	0.0135202
0.0308481	0.0135202
0.0308908	0.0135202
0.0309335	0.0135202
0.0309762	0.0135202
0.0310189	0.0135202
0.0310616	0.0135202
0.0311043	0.0135202
0.0311471	0.0135202
0.0311898	0.0135202
0.0312325	0.0135202
0.0312752	0.0135202
0.0313179	0.0135202
0.0313606	0.0135202
0.0314033	0.0135202
0.0314461	0.0135202
0.0314888	0.0135202
0.0315315	0.0135202
0.0315742	0.0135202
0.0316169	0.0135202
0.0316596	0.0135202
0.0317023	0.0135202
0.0317451	0.0135202
0.0317878	0.0135202
0.0318305	0.0135202
0.0318732	0.0135202
0.0319159	0.0135202
0.0319586	0.0135202
0.0320013	0.0135202
0.0320441	0.0135202
0.0320868	0.0135202
0.0321295	0.0135202
0.0321722	0.0135202
0.0322149	0.0135202
0.0322576	0.0135202
0.0323003	0.0135202
0.0323431	0.0135202
0.0323858	0.0135202
0.0324285	0.0135202
0.0324712	0.0135202
0.0325139	0.0135202
0.0325566	0.0135202
0.0325993	0.0135202
0.0326421	0.0135202
0.0326848	0.0135202
0.0327275	0.0135202
0.0327702	0.0135202
0.0328129	0.0135202
0.0328556	0.0135202
0.0328983	0.0135202
0.0329411	0.0135202
0.0329838	0.0135202
0.0330265	0.0135202
0.0330692	0.0135202
0.0331119	0.0135202
0.0331546	0.0135202
0.0331973	0.0135202
0.0332401	0.0135202
0.0332828	0.0135202
0.0333255	0.0135202
0.0333682	0.0135202
0.0334109	0.0135202
0.0334536	0.0135202
0.0334963	0.0135202
0.0335391	0.0135202
0.0335818	0.0135202
0.0336245	0.0135202
0.0336672	0.0135202
0.0337099	0.0135202
0.0337526	0.0135202
0.0337953	0.0135202
0.0338381	0.0135202
0.0338808	0.0135202
0.0339235	0.0135202
0.0339662	0.0135202
0.0340089	0.0135202
0.0340516	0.0135202
0.0340943	0.0135202
0.0341371	0.0135202
0.0341798	0.0135202
0.0342225	0.0135202
0.0342652	0.0135202
0.0343082	0.0135202
0.0343509	0.0135202
0.0343936	0.0135202
0.0344363	0.0135202
0.0344791	0.0135202
0.0345218	0.0135202
0.0345645	0.0135202
0.0346072	0.0135202
0.0346499	0.0135202
0.0346926	0.0135202
0.0347353	0.0135202
0.0347781	0.0135202
0.0348208	0.0135202
0.0348635	0.0135202
0.0349062	0.0135202
0.0349489	0.0135202
0.0349916	0.0135202
0.0350343	0.0135202
0.0350771	0.0135202
0.0351198	0.0135202
0.0351625	0.0135202
0.0352052	0.0135202
0.0352479	0.0135202
0.0352906	0.0135202
0.0353333	0.0135202
0.0353761	0.0135202
0.0354188	0.0135202
0.0354615	0.0135202
0.0355042	0.0135202
0.0355469	0.0135202
0.0355896	0.0135202
0.0356323	0.0135202
0.0356751	0.0135202
0.0357178	0.0135202
0.0357605	0.0135202
0.0358032	0.0135202
0.0358459	0.0135202
0.0358886	0.0135202
0.0359313	0.0135202
0.0359741	0.0135202
0.0360168	0.0135202
0.0360595	0.0135202
0.0361022	0.0135202
0.0361449	0.0135202
0.0361876	0.0135202
0.0362303	0.0135202
0.0362731	0.0135202
0.0363158	0.0135202
0.0363585	0.0135202
0.0364012	0.0135202
0.0364439	0.0135202
0.0364866	0.0135202
0.0365293	0.0135202
0.0365721	0.0135202
0.0366148	0.0135202
0.0366575	0.0135202
0.0367002	0.0135202
0.0367429	0.0135202
0.0367856	0.0135202
0.0368283	0.0135202
0.0368711	0.0135202
0.0369138	0.0135202
0.0369565	0.0135202
0.0369992	0.0135202
0.0370419	0.0135202
0.0370846	0.0135202
0.0371273	0.0135202
0.0371701	0.0135202
0.0372128	0.0135202
0.0372555	0.0135202
0.0372982	0.0135202
0.0373409	0.0135202
0.0373836	0.0135202
0.0374263	0.0135202
0.0374691	0.0135202
0.0375118	0.0135202
0.0375545	0.0135202
0.0375972	0.0135202
0.0376399	0.0135202
0.0376826	0.0135202
0.0377253	0.0135202
0.0377681	0.0135202
0.0378108	0.0135202
0.0378535	0.0135202
0.0378962	0.0135202
0.0379392	0.0135202
0.0379819	0.0135202
0.0380246	0.0135202
0.0380673	0.0135202
0.0381101	0.0135202
0.0381528	0.0135202
0.0381955	0.0135202
0.0382382	0.0135202
0.0382809	0.0135202
0.0383236	0.0135202
0.0383663	0.0135202
0.0384091	0.0135202
0.0384518	0.0135202
0.0384945	0.0135202
0.0385372	0.0135202
0.0385799	0.0135202
0.0386226	0.0135202
0.0386653	0.0135202
0.0387081	0.0135202
0.0387508	0.0135202
0.0387935	0.0135202
0.0388362	0.0135202
0.0388789	0.0135202
0.0389216	0.0135202
0.0389643	0.0135202
0.0390071	0.0135202
0.0390498	0.0135202
0.0390925	0.0135202
0.0391352	0.0135202
0.0391779	0.0135202
0.0392206	0.0135202
0.0392633	0.0135202
0.0393061	0.0135202
0.0393488	0.0135202
0.0393915	0.0135202
0.0394342	0.0135202
0.0394769	0.0135202
0.0395196	0.0135202
0.0395623	0.0135202
0.0396051	0.0135202
0.0396478	0.0135202
0.0396905	0.0135202
0.0397332	0.0135202
0.0397759	0.0135202
0.0398186	0.0135202
0.0398613	0.0135202
0.0399041	0.0135202
0.0399468	0.0135202
0.0399895	0.0135202
0.0400322	0.0135202
0.0400749	0.0135202
0.0401176	0.0135202
0.0401603	0.0135202
0.0402031	0.0135202
0.0402458	0.0135202
0.0402885	0.0135202
0.0403312	0.0135202
0.0403739	0.0135202
0.0404166	0.0135202
0.0404593	0.0135202
0.0405021	0.0135202
0.0405448	0.0135202
0.0405875	0.0135202
0.0406302	0.0135202
0.0406729	0.0135202
0.0407156	0.0135202
0.0407583	0.0135202
0.0408011	0.0135202
0.0408438	0.0135202
0.0408865	0.0135202
0.0409292	0.0135202
0.0409719	0.0135202
0.0410146	0.0135202
0.0410573	0.0135202
0.0411001	0.0135202
0.0411428	0.0135202
0.0411855	0.0135202
0.0412282	0.0135202
0.0412709	0.0135202
0.0413136	0.0135202
0.0413563	0.0135202
0.0413991	0.0135202
0.0414418	0.0135202
0.0414845	0.0135202
0.0415272	0.0135202
0.0415699	0.0135202
0.0416126	0.0135202
0.0416556	0.0135202
0.0416984	0.0135202
0.0417411	0.0135202
0.0417838	0.0135202
0.0418265	0.0135202
0.0418692	0.0135202
0.0419119	0.0135202
0.0419546	0.0135202
0.0419974	0.0135202
0.0420401	0.0135202
0.0420828	0.0135202
0.0421255	0.0135202
0.0421682	0.0135202
0.0422109	0.0135202
0.0422536	0.0135202
0.0422963	0.0135202
0.0423391	0.0135202
0.0423818	0.0135202
0.0424245	0.0135202
0.0424672	0.0135202
0.0425099	0.0135202
0.0425526	0.0135202
0.0425953	0.0135202
0.0426381	0.0135202
0.0426808	0.0135202
0.0427235	0.0135202
0.0427662	0.0135202
0.0428089	0.0135202
0.0428516	0.0135202
0.0428943	0.0135202
0.0429371	0.0135202
0.0429798	0.0135202
0.0430225	0.0135202
0.0430652	0.0135202
0.0431079	0.0135202
0.0431506	0.0135202
0.0431933	0.0135202
0.0432361	0.0135202
0.0432788	0.0135202
0.0433215	0.0135202
0.0433642	0.0135202
0.0434069	0.0135202
0.0434496	0.0135202
0.0495203	0.0154532
0.0564411	0.0176603
0.0643291	0.0201794
0.0733199	0.0230545
0.083567	0.0263358
